X = ones(7,7);
Y = [9,2,3;4,5,6];
% X(3:2:5,2:2:6) = Y;
X(3:2:5,2:2:6) = Y