X = [1,2,3;4,5,6;7,8,9];
Y = X(2:3,2:3);

X(1:2:3,1:2:3) = ones(2,2);
